Dijkstra's Algorithm:

#Test-1 (9) : Start = 0

0 4 0 0 0 0 0 8 0
4 0 8 0 0 0 0 11 0
0 8 0 7 0 4 0 0 2
0 0 7 0 9 14 0 0 0
0 0 0 9 0 10 0 0 0
0 0 4 14 10 0 2 0 0 
0 0 0 0 0 2 0 1 6 
8 11 0 0 0 0 1 0 7 
0 0 2 0 0 0 6 7 0


#Test-2 (4) : Start = 1

0 1 1 1
1 0 1 0
1 1 0 1
1 0 1 0


#Test-3 (5) : Start = 0

0 10 0 30 100
10 0 50 0 0
0 50 0 20 10
30 0 20 0 60
100 0 10 60 0


Kruskal's Algorithm:

#Test-1 (4, 5) :
 
1 2 10
1 3 6
1 4 5
2 4 15
3 4 4

 
Prim's Algorithm:

#Test-1 (6) :

0 3 1 6 0 0 
3 0 5 0 3 0
1 5 0 5 6 4
6 0 5 0 0 2
0 3 6 0 0 6
0 0 4 2 6 0


DFS:

#Test-1 (6) : Start = 0

0 1 1 0 0 0
1 0 1 0 0 0  
1 1 0 0 0 0
0 0 0 0 1 1 
0 0 0 1 0 1
0 0 0 1 1 0


#Test-2 (4) : Start = 2

0 1 1 0
0 0 1 0
1 0 0 1
0 0 0 1


BFS:

#Test-1 (4) : Start = 2

0 1 1 0
0 0 1 0
1 0 0 1
0 0 0 1


Floyd-Warshall's Algorithm:

#Test-1 () : 

0 5 0 30
5 0 5 20
0 5 0 5
30 20 5 0
